26.03076566
39.579721
42.39973807
40.97394949
38.84489442
36.82583599
34.9873426
33.39314462
31.91676357
30.535538
29.34352187
28.31539313
27.41514133
26.61421032
25.12452379
23.86748581
23.32109859
21.83418319
20.96392914
20.2021004
19.18528865
18.07374082
17.35680677
16.50590535
15.78985095
15.02482146
14.21656702
13.54727044
12.93773609
12.2472502
11.64298089
11.04474333
10.47194514
9.939462571
9.397441825
8.941168886
8.524094085
8.130181642
7.75730969
7.408576325
7.0729102
6.793917561
6.503865423
6.214776944
5.938653034
5.701332641
5.471844916
5.226994215
4.986789122
4.765931599
4.545037798
4.329969468
4.148100107
3.994493434
3.828015855
3.671794721
3.516584715
3.353849341
3.146609857
2.882025018
2.614332492
2.365485874
2.144672869
1.988548058
1.867035722
1.778092015
1.707082164
1.674748794
1.608303637
1.513402609
1.369141725
1.234713126
1.1259638
1.054925331
0.9636677084
0.9223227144
0.8941237368
0.8948714432
0.8580695885
0.8268951463
0.7491269344
0.7158269651
0.6554462489
0.6299278062
0.5441215519
0.4907791484
0.4926415296
0.4740497165
