0.007999999722
0.01599999944
0.02399999917
0.03199999889
0.03999999861
0.04799999833
0.05599999805
0.06399999778
0.0719999975
0.07999999722
0.08799999694
0.09599999666
0.1039999964
0.1119999961
0.1279999956
0.143999995
0.1519999947
0.1759999939
0.1919999933
0.2079999928
0.2319999919
0.2639999908
0.28799999
0.3199999889
0.3519999878
0.3919999864
0.4399999847
0.487999983
0.5359999814
0.5999999792
0.6639999769
0.7359999744
0.8159999717
0.9039999686
1.007999965
1.119999961
1.239999957
1.375999952
1.527999947
1.695999941
1.887999934
2.095999927
2.327999919
2.58399991
2.8719999
3.183999889
3.535999877
3.927999864
4.367999848
4.847999832
5.383999813
5.983999792
6.647999769
7.375999744
8.199999715
9.103999684
10.11199965
11.23199961
12.47199957
13.85599952
15.38399947
17.08799941
18.98399934
21.08799927
23.41599919
26.0079991
28.887999
32.08799889
35.64799876
39.59199862
43.97599847
48.8399983
54.24799812
60.25599791
66.92799767
74.34399742
82.57599713
91.71999681
101.8719965
113.1519961
125.6799956
139.5999952
155.0559946
172.231994
191.3039934
212.4879926
236.0159918
262.1519909
