26.66199029
40.17925309
41.7287558
38.980863
36.52386186
34.55505622
32.91318826
31.60378502
30.12626108
28.66650851
27.51801858
26.53117669
25.73332382
25.00296371
23.41318182
22.21122228
21.73152425
20.21632044
19.44979009
18.74578053
17.73961517
16.66629817
16.01491511
15.19997558
14.51631966
13.7727735
13.0529192
12.43677738
11.88914274
11.25747362
10.68422311
10.1438888
9.571357852
9.041863576
8.563154095
8.119418204
7.729400129
7.356206318
7.042821965
6.748639886
6.42921787
6.132704019
5.848989128
5.595208022
5.330950758
5.061676915
4.791507028
4.552736442
4.335316979
4.104716901
3.840781009
3.608516759
3.416243005
3.256850139
3.08546891
2.902698619
2.803181809
2.712311798
2.615254956
2.51070944
2.43041791
2.377936431
2.317484569
2.228954868
2.175059023
2.122690452
2.030373013
1.921869495
1.817273805
1.714118872
1.603153282
1.481041489
1.36351825
1.271836876
1.178941184
1.095348348
1.025709395
0.9390785282
0.93218637
0.9679419951
1.01344325
1.03442871
1.046270902
1.034000503
0.9320950472
0.7633333704
0.5687785505
0.4097580067
