0.004609325273
0.003260551033
0.002663351405
0.002307521156
0.002064802746
0.001885716475
0.001746592946
0.001634498495
0.00154169005
0.001463211436
0.001395723627
0.001336884039
0.00128499418
0.001238788516
0.001159785034
0.001094402249
0.001065673284
0.0009916344003
0.0009502354699
0.0009137418167
0.0008663033323
0.000813495045
0.0007798591435
0.0007410985452
0.0007078083384
0.0006721412847
0.0006360219851
0.0006054495262
0.0005791478194
0.0005492032956
0.0005237840016
0.0004993352048
0.0004761506989
0.0004543842323
0.0004325360143
0.0004126060922
0.0003944281343
0.0003768826857
0.0003602308521
0.0003446152074
0.0003295135713
0.0003156820038
0.0003026262948
0.0002904434298
0.0002788702342
0.0002682831661
0.0002582009082
0.0002487489784
0.0002398377631
0.0002316761184
0.0002240256541
0.0002168543258
0.0002102193314
0.0002041366597
0.0001983910849
0.0001931408678
0.0001882677777
0.0001837687482
0.0001796345527
0.0001758106756
0.0001723164884
0.0001690951258
0.0001661374766
0.0001634328198
0.0001609686683
0.000158712051
0.0001566527829
0.0001547759286
0.0001530654793
0.0001515147893
0.0001501056372
0.0001488290032
0.0001476714589
0.000146624342
0.0001456789764
0.0001448263258
0.0001440600205
0.0001433726943
0.000142758641
0.0001422121191
0.0001417288913
0.0001413050273
0.0001409378395
0.0001406248668
0.0001403650832
0.0001401580292
0.000140004417
0.0001399061048
