26.40364093
40.1691603
43.44992019
42.55496352
40.58746785
38.5329083
36.621098
34.93172406
33.45544057
32.16302607
31.0129474
29.97633964
29.0446817
28.19205954
26.64936516
25.28774542
24.65282053
22.95018931
22.00262252
21.16396815
20.08379532
18.91212498
18.18090656
17.35918767
16.66440887
15.87008067
15.00884975
14.22710382
13.52681551
12.70475877
11.99625014
11.29034261
10.66311205
10.11619637
9.614360452
9.142935908
8.702433601
8.286380765
7.878289942
7.458685948
7.014325539
6.576990467
6.188488688
5.805420152
5.420496147
5.048973084
4.76091607
4.512079018
4.287636195
4.087977531
3.861671111
3.659406147
3.492965752
3.357249672
3.231064555
3.087219823
2.962567292
2.887686667
2.799266696
2.701523304
2.613820318
2.505692656
2.420328298
2.336243733
2.252838848
2.169684146
2.105068134
2.046121609
1.978484015
1.929383986
1.918016393
1.920741468
1.92685017
1.887056566
1.834121614
1.742321737
1.591557775
1.4465761
1.312747478
1.202532756
1.131289462
1.079800096
0.9409055479
0.8131703711
0.7870428643
0.7934484624
0.7490855839
0.6677741026
