0.00780364767
0.004560288186
0.003426058198
0.002831353688
0.002458109648
0.00219860288
0.002005852734
0.001855936182
0.0017353136
0.00163570883
0.001551757336
0.001479817318
0.001417322304
0.001362406959
0.001270080447
0.001195139153
0.001162623875
0.001079977832
0.001034484756
0.000994808963
0.0009438348858
0.0008879001527
0.0008527270952
0.0008126470839
0.0007786239765
0.0007426018852
0.0007066037438
0.0006765391513
0.0006509952579
0.0006223065427
0.0005983132013
0.000575581272
0.0005543726909
0.0005348063081
0.0005155457606
0.0004983529878
0.0004830295908
0.0004686106166
0.0004553143591
0.000443243539
0.0004319973399
0.0004221289442
0.0004132606308
0.000405447891
0.0003985184941
0.0003926818275
0.0003876599721
0.0003835266895
0.0003802500615
0.0003778954972
0.0003763788744
0.0003757071772
0.0003758889849
0.0003769019278
0.0003787902641
0.0003815105745
0.0003851086814
0.000389591593
0.000394958467
0.0004012763405
0.0004085003991
0.0004167295764
0.0004259828586
0.0004362706488
0.0004475953462
0.0004600669313
0.0004737061547
0.000488560176
0.0005046990705
0.0005221069732
0.0005408957021
0.0005610888893
0.0005827917497
0.0006060542956
0.0006309374712
0.0006575379691
0.0006858985562
0.0007161203197
0.0007482749806
0.0007824799119
0.0008188183185
0.0008574089873
0.0008983341151
0.0009417435322
0.0009877240282
0.001036418145
0.001087957611
0.001142495022
