154.4059547
96.59013599
75.12668041
63.38071244
55.76796019
50.34038602
46.22650837
42.97270093
40.31727571
38.09757657
36.2066035
34.57075896
33.13756483
31.86847472
29.71319944
27.94254308
27.16799827
25.18090068
24.07503926
23.10302147
21.84304851
20.44458867
19.5557598
18.53298675
17.65551901
16.716023
15.76483607
14.95950793
14.26621395
13.47599055
12.80406721
12.156462
11.54076832
10.96096089
10.37682321
9.841658091
9.35119298
8.87524078
8.42075591
7.991627253
7.573421504
7.187112299
6.819073886
6.472131426
6.138855446
5.830271387
5.532536192
5.249398992
4.978281741
4.725798748
4.484886932
4.254699644
4.037326547
3.833703429
3.636905519
3.452654636
3.277234337
3.110898013
2.953741727
2.804124644
2.663276485
2.529408009
2.402621435
2.283000769
2.170596231
2.064519248
1.964926146
1.871790975
1.785072329
1.705264369
1.632344586
1.566855249
1.509231289
1.460294162
1.421013864
1.392509938
1.376140881
1.373335955
1.38560762
1.414477229
1.461378723
1.527664574
1.614499441
1.723097258
1.854507314
2.009974769
2.190859922
2.398805009
