109.2513077
76.67159569
62.44670598
54.01527827
48.2793491
44.05371476
40.77415525
38.13334689
35.94771905
34.09997065
32.51117802
31.12602743
29.90444736
28.81660146
26.95624156
25.41610668
24.7391714
22.99383356
22.01731394
21.15604269
20.03569475
18.78727105
17.99125405
17.07297825
16.28331664
15.43607837
14.57659946
13.84770995
13.21943064
12.50253408
11.89241018
11.3039877
10.74430887
10.21711961
9.685965736
9.199418997
8.753670287
8.321352519
7.90885524
7.519761972
7.141047724
6.791745869
6.459550784
6.147038453
5.847547622
5.570993695
5.304979589
5.052897054
4.812485768
4.589615854
4.378051803
4.177096229
3.988608226
3.813400939
3.645576397
3.490088772
3.343857989
3.207210133
3.080347655
2.962124604
2.853727937
2.754053708
2.663566268
2.582777544
2.512239457
2.452064373
2.403197517
2.366627409
2.343544064
2.335436792
2.343868985
2.370640973
2.417796785
2.48744815
2.581774252
2.703151585
2.853759268
3.036100658
3.252615625
3.506198493
3.799728697
4.136640855
4.520392577
4.955472997
5.44623105
5.9980974
6.616989828
7.309733315
