0.008358232451
0.004679785674
0.003422282823
0.002775786567
0.00237669196
0.002103029952
0.001902122265
0.001747397176
0.001623950773
0.00152274982
0.001437985253
0.001365742521
0.001303281851
0.001248624659
0.001157207278
0.001083430005
0.001051533634
0.0009707510649
0.0009264472852
0.0008878921627
0.0008384552505
0.0007843031113
0.0007502822886
0.0007115222041
0.0006786053462
0.0006437148487
0.0006087745258
0.0005795068435
0.0005545527838
0.0005263976751
0.000502713309
0.000480124116
0.0004588806917
0.0004390994212
0.0004194092337
0.0004015996676
0.0003854892179
0.000370067764
0.0003555564068
0.0003420665224
0.0003291384111
0.0003174076026
0.0003064397112
0.0002963051322
0.000286775396
0.0002781488355
0.0002700224018
0.0002624905116
0.0002554741315
0.0002491278423
0.0002432563715
0.0002378289146
0.0002328818993
0.0002284188219
0.0002242767182
0.0002205655623
0.0002171968632
0.0002141662605
0.0002114656419
0.0002090594831
0.0002069612073
0.0002051395227
0.0002035954963
0.000202331059
0.000201349127
0.0002006490922
0.0002002449995
0.0002001543297
0.0002004018065
0.0002010174289
0.0002020426636
0.0002035256903
0.0002055311932
0.0002081325808
0.0002114169529
0.0002154910584
0.0002204691667
0.0002264908968
0.0002337074865
0.000242297588
0.0002524495562
0.000264378375
0.0002783044663
0.0002944875722
0.000313182152
0.0003346811074
0.0003592931596
0.0003873591
