0.003651928129
0.005375284663
0.004735890517
0.00299258483
0.001944287382
0.001664317255
0.00168301818
0.001972684393
0.001860029837
0.001442923298
0.001248713988
0.001211893287
0.001285466226
0.001384720263
0.001088389697
0.001002771573
0.001069520273
0.0009198409742
0.0008875154197
0.0009189556664
0.0007940109622
0.0007786759126
0.0007547428555
0.0006912057174
0.0006829708259
0.0006421881466
0.0006094464508
0.0005851354028
0.0005646723795
0.0005511456635
0.0005115893277
0.0005083639735
0.0004756760472
0.0004528890919
0.0004406057977
0.0004165898398
0.0003992508295
0.0003815206584
0.0003669595735
0.0003510484829
0.0003377249821
0.0003252329661
0.0003132176664
0.0003032521571
0.000291624415
0.0002814362332
0.000271863764
0.0002635191256
0.0002555364359
0.0002486830042
0.0002422254359
0.0002374641792
0.0002335701838
0.0002285637313
0.0002249260197
0.0002206934885
0.0002154851995
0.0002107576834
0.0002057604284
0.0002007463816
0.000195626288
0.0001905630372
0.0001884221885
0.0001890386177
0.000191566841
0.0001961814856
0.0002011818688
0.0002063509958
0.0002128158172
0.000217434442
0.0002183576452
0.0002163392272
0.000214721188
0.0002157192915
0.0002168134344
0.000216356563
0.0002162487103
0.0002172335922
0.0002222684075
0.0002315812682
0.0002429967101
0.0002566669438
0.0002738712987
0.0002971393114
0.0003263149292
0.0003513993529
0.0003642249648
0.0003783800595
