97.17752729
68.71575908
56.10693269
48.59068741
43.46142397
39.67521222
36.73261123
34.36068181
32.39600513
30.73397004
29.30409223
28.05691684
26.95658331
25.97636979
24.29933536
22.91026143
22.29951682
20.72424803
19.84250112
19.06458134
18.05231137
16.92383052
16.2040007
15.37330799
14.65867794
13.89161923
13.11309733
12.45252509
11.88285095
11.23246365
10.67859708
10.14408462
9.635320271
9.155718083
8.672086863
8.228639698
7.821954684
7.427075475
7.049821382
6.693471313
6.346080612
6.025109512
5.719271986
5.430943046
5.153971641
4.897539668
4.650159626
4.41496128
4.189815491
3.980222904
3.78032527
3.589426444
3.409262263
3.240605527
3.077719208
2.925334976
2.780368842
2.643018202
2.513344156
2.389968913
2.273874522
2.163543993
2.059006484
1.960259413
1.867252726
1.779131926
1.695870478
1.617246174
1.542963395
1.473115795
1.407261423
1.345342862
1.287063923
1.232330112
1.181023908
1.132979083
1.088151116
1.04641398
1.007713928
0.9719701092
0.9391747474
0.9093198652
0.8824642003
0.8586634846
0.8380607779
0.8208223065
0.8071817113
0.7974332865
