0.001248666171
0.001911062337
0.00201433185
0.001880098049
0.001732852291
0.001613983021
0.001524439575
0.001461326451
0.001394084451
0.00132469371
0.00127077668
0.001226258413
0.001186670284
0.001148731666
0.001068269851
0.001013205804
0.0009935861082
0.0009354663911
0.0009020527004
0.0008745287469
0.000837561248
0.0007999557601
0.0007752130325
0.0007443830713
0.0007157200388
0.0006848317754
0.0006533886109
0.000627593996
0.0006043259301
0.0005773011422
0.0005538603384
0.0005317451183
0.0005085481254
0.0004869742696
0.0004645363619
0.0004446323909
0.0004267698226
0.000410301509
0.0003955429033
0.0003817945285
0.000369092346
0.0003579587049
0.0003472080578
0.0003364825104
0.0003246408381
0.0003131181706
0.0003017313864
0.0002905393692
0.0002792030325
0.00026886941
0.0002603189208
0.0002530375838
0.000246625759
0.0002409161974
0.0002344512895
0.0002272942845
0.0002209834515
0.0002145292109
0.0002085795788
0.0002039179393
0.0001999726068
0.0001969172299
0.0001944178705
0.0001923646205
0.0001906558899
0.0001896718966
0.0001867019797
0.0001806592402
0.0001738556889
0.0001674946959
0.0001597994466
0.0001535019986
0.0001482377287
0.0001440194627
0.0001391900155
0.0001289411614
0.0001173079911
0.00010808465
0.0001003983303
9.427065385e-05
9.443061522e-05
0.0001021908511
0.0001148705685
0.0001298279029
0.0001445347543
0.0001526622093
0.0001634901427
0.0001684631015
