0.001588011919
0.002452182582
0.002557357374
0.002295077982
0.002029292526
0.001847678197
0.001726383507
0.001661312128
0.001598004225
0.001515515204
0.001447783034
0.001396095088
0.00135110701
0.001314633596
0.001225111042
0.001156466483
0.001130729171
0.001062309014
0.001018631547
0.0009858402277
0.0009347902476
0.0008864508638
0.000850647018
0.0008168820107
0.0007856002503
0.0007488615972
0.0007134129809
0.0006825212705
0.0006570772352
0.0006290465833
0.0006036810226
0.0005804233522
0.0005562179972
0.0005338796347
0.0005123442152
0.0004910375911
0.0004702217635
0.0004502127177
0.0004317592487
0.0004142617921
0.0003991057773
0.0003864443949
0.0003742368315
0.0003642678408
0.0003560315163
0.0003510002385
0.0003460869591
0.0003402550652
0.0003363785316
0.0003342541114
0.0003322591657
0.0003320707264
0.0003343782417
0.0003400636456
0.0003484632728
0.0003582494194
0.0003702233331
0.0003835523433
0.0003984842577
0.0004155748348
0.0004349106115
0.0004572549043
0.0004827261533
0.0005109570893
0.0005406184305
0.0005718689405
0.0006039484926
0.0006362960558
0.0006681919541
0.000697682759
0.0007239120641
0.0007464725386
0.0007647558868
0.0007786988029
0.0007893791059
0.0007962120141
0.0007980607559
0.0007948575391
0.0007864069415
0.0007685124287
0.0007283665869
0.0006804025385
0.0006332008334
0.0005945247426
0.0005728331573
0.0005441687733
0.0005237055673
0.0004862966891
